1.000000000000000000e+00 9.993980407714843750e+01
2.000000000000000000e+00 9.951121520996093750e+01
3.000000000000000000e+00 9.848600769042968750e+01
5.000000000000000000e+00 9.424624633789062500e+01
7.000000000000000000e+00 8.793435668945312500e+01
1.000000000000000000e+01 7.763366699218750000e+01
1.500000000000000000e+01 6.403652954101562500e+01
2.000000000000000000e+01 5.524738693237304688e+01
2.500000000000000000e+01 4.902606582641601562e+01
3.000000000000000000e+01 4.394229888916015625e+01
4.000000000000000000e+01 3.531997680664062500e+01
5.000000000000000000e+01 2.831760406494140625e+01
6.000000000000000000e+01 2.296818923950195312e+01
8.000000000000000000e+01 1.640356826782226562e+01
1.000000000000000000e+02 1.329852676391601562e+01
1.200000000000000000e+02 1.185393333435058594e+01
1.500000000000000000e+02 1.094301223754882812e+01
2.000000000000000000e+02 1.044323730468750000e+01
2.500000000000000000e+02 1.026357078552246094e+01
3.000000000000000000e+02 1.017690086364746094e+01